
> #Binary Classifier

[1] 27
[1] "EOS"
[1] 48
[1] "EOS"
[1] 62
[1] "EOS"
[1] 83
[1] "EOS"
[1] 105
[1] "EOS"
[1] 113
[1] "EOS"
[1] 122
[1] "EOS"
[1] 150
[1] "EOS"
[1] 181
[1] "EOS"
[1] 202
[1] "EOS"
[1] 207
[1] "not EOS"
[1] 210
[1] "not EOS"
[1] 212
[1] "EOS"


[1] 1
[1] "Inside,"
[1] 2
[1] "Conant"
[1] 3
[1] "was"
[1] 4
[1] "sitting"
[1] 5
[1] "at"
[1] 6
[1] "the"
[1] 7
[1] "head"
[1] 8
[1] "of"
[1] 9
[1] "a"
[1] 10
[1] "table,"
[1] 11
[1] "facing"
[1] 12
[1] "down"
[1] 13
[1] "a"
[1] 14
[1] "kingly"
[1] 15
[1] "spread"
[1] 16
[1] "of"
[1] 17
[1] "caviar,"
[1] 18
[1] "sausage,"
[1] 19
[1] "doughnuts,"
[1] 20
[1] "and"
[1] 21
[1] "vodka,"
[1] 22
[1] "and"
[1] 23
[1] "holding"
[1] 24
[1] "forth"
[1] 25
[1] "for"
[1] 26
[1] "several"
[1] 27
[1] "guests."
[1] 28
[1] "He"
[1] 29
[1] "was"
[1] 30
[1] "headed"
[1] 31
[1] "for"
[1] 32
[1] "Florida,"
[1] 33
[1] "he"
[1] 34
[1] "said,"
[1] 35
[1] "and"
[1] 36
[1] "was"
[1] 37
[1] "two"
[1] 38
[1] "months"
[1] 39
[1] "into"
[1] 40
[1] "a"
[1] 41
[1] "journey"
[1] 42
[1] "that"
[1] 43
[1] "he"
[1] 44
[1] "figured"
[1] 45
[1] "would"
[1] 46
[1] "take"
[1] 47
[1] "six"
[1] 48
[1] "more."
[1] 49
[1] "He"
[1] 50
[1] "was"
[1] 51
[1] "sixty-three,"
[1] 52
[1] "and"
[1] 53
[1] "spoke"
[1] 54
[1] "in"
[1] 55
[1] "a"
[1] 56
[1] "mellifluous"
[1] 57
[1] "high"
[1] 58
[1] "timbre"
[1] 59
[1] "that"
[1] 60
[1] "seemed"
[1] 61
[1] "almost"
[1] 62
[1] "childlike."
[1] 63
[1] "He"
[1] 64
[1] "wore"
[1] 65
[1] "denim"
[1] 66
[1] "bib"
[1] 67
[1] "overalls,"
[1] 68
[1] "a"
[1] 69
[1] "T-shirt,"
[1] 70
[1] "and"
[1] 71
[1] "muddy"
[1] 72
[1] "brown"
[1] 73
[1] "boots,"
[1] 74
[1] "and"
[1] 75
[1] "stood"
[1] 76
[1] "six"
[1] 77
[1] "feet"
[1] 78
[1] "one"
[1] 79
[1] "and"
[1] 80
[1] "weighed"
[1] 81
[1] "three"
[1] 82
[1] "hundred"
[1] 83
[1] "pounds."
[1] 84
[1] "He"
[1] 85
[1] "had"
[1] 86
[1] "a"
[1] 87
[1] "rust-colored"
[1] 88
[1] "beard,"
[1] 89
[1] "with"
[1] 90
[1] "patches"
[1] 91
[1] "of"
[1] 92
[1] "white,"
[1] 93
[1] "and"
[1] 94
[1] "his"
[1] 95
[1] "face"
[1] 96
[1] "was"
[1] 97
[1] "as"
[1] 98
[1] "red"
[1] 99
[1] "as"
[1] 100
[1] "a"
[1] 101
[1] "boiled"
[1] 102
[1] "lobster"
[1] 103
[1] "shell—a"
[1] 104
[1] "riparian"
[1] 105
[1] "Santa."
[1] 106
[1] "He"
[1] 107
[1] "laughed"
[1] 108
[1] "with"
[1] 109
[1] "great"
[1] 110
[1] "heaves"
[1] 111
[1] "of"
[1] 112
[1] "his"
[1] 113
[1] "gut."
[1] 114
[1] "His"
[1] 115
[1] "handshake"
[1] 116
[1] "offered"
[1] 117
[1] "the"
[1] 118
[1] "firmest"
[1] 119
[1] "grip"
[1] 120
[1] "I’ve"
[1] 121
[1] "ever"
[1] 122
[1] "felt."
[1] 123
[1] "On"
[1] 124
[1] "the"
[1] 125
[1] "phone,"
[1] 126
[1] "I"
[1] 127
[1] "explained"
[1] 128
[1] "to"
[1] 129
[1] "Officer"
[1] 130
[1] "Beardsley"
[1] 131
[1] "that"
[1] 132
[1] "I"
[1] 133
[1] "was"
[1] 134
[1] "a"
[1] 135
[1] "journalist,"
[1] 136
[1] "and"
[1] 137
[1] "that"
[1] 138
[1] "I"
[1] 139
[1] "had"
[1] 140
[1] "written"
[1] 141
[1] "a"
[1] 142
[1] "short"
[1] 143
[1] "article"
[1] 144
[1] "(in"
[1] 145
[1] "this"
[1] 146
[1] "magazine)"
[1] 147
[1] "about"
[1] 148
[1] "Conant’s"
[1] 149
[1] "ambitious"
[1] 150
[1] "voyage."
[1] 151
[1] "I"
[1] 152
[1] "mentioned"
[1] 153
[1] "that"
[1] 154
[1] "he"
[1] 155
[1] "had"
[1] 156
[1] "e-mailed"
[1] 157
[1] "me"
[1] 158
[1] "a"
[1] 159
[1] "month"
[1] 160
[1] "or"
[1] 161
[1] "so"
[1] 162
[1] "earlier,"
[1] 163
[1] "in"
[1] 164
[1] "late"
[1] 165
[1] "October,"
[1] 166
[1] "and"
[1] 167
[1] "sounded"
[1] 168
[1] "healthy"
[1] 169
[1] "and"
[1] 170
[1] "happy,"
[1] 171
[1] "in"
[1] 172
[1] "spite"
[1] 173
[1] "of"
[1] 174
[1] "the"
[1] 175
[1] "fact"
[1] 176
[1] "that"
[1] 177
[1] "waves"
[1] 178
[1] "had"
[1] 179
[1] "drowned"
[1] 180
[1] "his"
[1] 181
[1] "laptop."
[1] 182
[1] "He"
[1] 183
[1] "was"
[1] 184
[1] "at"
[1] 185
[1] "a"
[1] 186
[1] "public"
[1] 187
[1] "library"
[1] 188
[1] "in"
[1] 189
[1] "Delaware"
[1] 190
[1] "City,"
[1] 191
[1] "Delaware,"
[1] 192
[1] "“and"
[1] 193
[1] "preparing"
[1] 194
[1] "for"
[1] 195
[1] "the"
[1] 196
[1] "next"
[1] 197
[1] "leg"
[1] 198
[1] "across"
[1] 199
[1] "Chesapeake"
[1] 200
[1] "Bay,”"
[1] 201
[1] "he"
[1] 202
[1] "wrote."
[1] 203
[1] "I"
[1] 204
[1] "am"
[1] 205
[1] "going"
[1] 206
[1] "to"
[1] 207
[1] "U.S.A."
[1] 208
[1] "to"
[1] 209
[1] "join"
[1] 210
[1] "C.I.A."
[1] 211
[1] "he"
[1] 212
[1] "said."
